488
0 1 1441
2 3 950
4 2 976
5 4 1058
6 5 1102
7 6 1330
8 7 967
9 8 1100
10 9 1020
11 10 982
12 11 1713
13 12 1003
14 13 1759
15 14 1535
16 15 914
17 16 853
18 17 1150
19 18 734
20 19 835
21 20 1760
22 21 1033
23 22 1021
24 23 1073
25 24 1803
26 25 1060
27 26 1675
28 27 1273
29 28 1244
30 29 1124
31 30 1259
32 31 1688
33 32 1550
34 33 1119
35 34 1717
36 35 954
37 36 749
38 37 1587
39 38 2365
40 39 1041
41 40 2386
42 41 1215
43 42 1591
44 43 1206
1 44 778
45 46 689
46 47 850
48 49 2839
5 48 1206
50 5 1829
51 50 4966
52 51 1036
53 52 2364
54 53 3797
55 54 1423
56 55 2110
57 56 4786
58 57 2272
59 58 6720
12 59 2152
60 12 1110
61 60 1135
62 61 1769
63 64 1345
64 63 1345
64 65 4073
65 64 4073
65 66 1236
66 65 1236
66 67 2044
67 66 2044
67 68 1579
68 67 1579
68 37 845
37 68 845
69 70 887
70 69 887
70 71 1063
71 70 1063
71 72 1119
72 71 1119
72 73 1025
73 72 1025
73 74 1486
74 73 1486
74 24 1618
24 74 1618
24 75 1147
75 24 1147
75 76 1276
76 75 1276
76 77 1128
77 76 1128
77 78 897
78 77 897
78 79 1780
79 78 1780
81 82 1085
82 81 1085
82 83 1221
83 82 1221
83 84 2173
84 83 2173
84 85 1600
85 84 1600
85 86 1171
86 85 1171
86 87 676
87 86 676
87 88 1168
88 87 1168
88 89 903
89 88 903
89 90 1283
90 89 1283
90 91 1100
91 90 1100
91 92 1364
92 91 1364
93 94 1145
94 95 1337
95 96 1999
96 97 1369
97 98 938
98 99 1087
99 59 2039
59 89 1759
89 100 1652
100 101 2295
101 102 2009
102 103 3309
103 104 3387
104 105 1616
105 106 3354
106 107 4567
107 108 2712
108 109 1332
109 110 2441
111 112 2653
112 111 2653
112 113 2310
113 112 2310
113 114 2352
114 113 2352
114 115 1961
115 114 1961
115 116 1315
116 115 1315
116 117 2108
117 116 2108
117 118 2196
118 117 2196
118 119 1517
119 118 1517
119 120 2690
120 119 2690
121 122 1921
122 123 1953
123 124 1479
124 125 1810
125 126 1778
126 40 1313
40 127 1172
127 128 1166
128 129 1291
129 130 424
130 131 1596
131 132 1217
132 133 925
133 134 852
134 135 774
135 136 1230
136 137 1377
137 20 790
20 79 1385
79 138 1673
138 139 1714
49 140 910
140 141 960
141 130 1833
130 142 1234
142 143 929
143 144 851
144 145 1171
145 146 1634
146 147 1023
147 136 946
136 148 1736
148 149 1027
149 62 824
62 150 2228
150 151 792
151 152 1237
152 153 1766
154 155 1363
155 154 1363
155 120 1251
120 155 1251
120 156 1672
156 120 1672
156 157 1295
157 156 1295
157 158 887
158 157 887
158 2 900
2 158 900
2 159 1063
159 2 1063
159 160 1051
160 159 1051
160 161 1658
161 160 1658
161 162 1517
162 161 1517
162 49 1441
49 162 1441
49 163 1025
163 49 1025
163 164 1100
164 163 1100
164 165 1100
165 164 1100
165 166 869
166 165 869
166 131 1011
131 166 1011
131 143 815
143 131 815
143 167 1152
167 143 1152
167 168 1200
168 167 1200
168 69 1643
69 168 1643
69 169 1480
169 69 1480
169 31 827
31 169 827
31 170 989
170 31 989
171 172 941
173 171 964
57 173 1544
174 57 1306
175 174 1330
98 175 2956
176 98 1838
11 176 1121
177 11 1026
178 177 1059
150 178 1151
179 150 866
180 179 791
181 180 1017
182 181 848
135 182 945
146 135 822
183 146 877
184 183 1183
73 184 1900
185 73 905
27 185 1670
45 186 1438
186 187 839
187 188 1792
188 189 1794
189 190 2276
190 191 2140
191 42 1508
42 192 1431
192 193 1167
193 194 1665
194 140 887
140 164 1444
164 195 1322
195 196 1349
196 181 1937
181 148 1400
148 197 1669
197 18 846
18 81 1450
81 198 2037
198 199 1283
199 200 3999
200 201 1239
201 202 1854
202 203 1407
203 204 2115
204 205 2557
205 206 3143
206 207 1600
207 208 929
208 209 1347
209 210 1194
211 212 935
212 213 734
213 214 1875
214 167 1373
167 215 886
215 216 1205
216 217 869
217 183 1016
183 218 1138
218 219 1332
219 21 1241
21 78 1311
78 220 781
220 221 865
221 222 903
222 223 1465
223 224 905
224 225 1679
225 226 1304
226 227 1021
227 228 1678
228 229 1752
229 230 2517
230 231 2961
231 232 2110
232 233 1160
233 234 1195
234 235 1425
235 236 1769
237 238 2319
239 237 1986
240 239 2017
56 240 1115
241 56 1895
242 241 1543
243 242 1042
244 243 2553
245 244 2558
96 245 1017
246 96 1667
9 246 900
247 9 1009
248 247 1275
152 248 1084
249 152 1188
196 249 902
250 196 1437
251 250 873
134 251 762
145 134 1857
216 145 1085
252 216 881
71 252 1800
253 71 741
254 253 845
255 254 1678
256 255 2446
257 256 1537
258 257 1215
259 258 1684
260 259 2076
261 260 1510
193 161 1096
262 193 1044
127 262 1912
211 127 1398
263 211 1171
38 263 1309
68 38 1779
264 68 1326
265 264 1585
266 265 980
267 266 788
268 267 1348
269 270 1297
270 271 1266
271 272 1044
272 273 1065
273 274 834
274 45 2736
45 186 1419
275 27 2631
276 275 1275
277 276 2366
278 277 1982
279 278 993
280 279 1538
281 280 1280
282 281 1354
283 282 2338
284 283 2265
285 284 2086
286 285 1281
287 286 1334
138 139 1715
139 288 1375
288 289 2002
289 290 1894
290 291 1912
291 292 1763
292 293 1700
293 294 1465
294 295 990
295 296 1225
296 297 1257
297 298 776
298 235 2238
235 236 1863
170 299 2798
299 170 2798
299 300 5102
300 299 5102
300 301 1810
301 300 1810
301 302 1128
302 301 1128
302 303 1096
303 302 1096
303 304 1200
304 303 1200
304 305 1214
305 304 1214
305 306 987
306 305 987
306 307 2035
307 306 2035
307 308 2918
308 307 2918
308 309 1811
309 308 1811
32 310 13028
310 32 13028
310 311 25303
311 310 25303
34 312 1137
313 34 1793
314 313 1668
268 314 1138
315 268 1405
316 315 6466
317 316 4042
318 317 2150
319 318 1474
320 319 2003
321 320 1188
322 321 1739
323 322 1333
324 323 1331
325 324 2200
326 327 1213
328 326 3509
329 328 2433
330 329 1683
331 330 1959
332 331 5357
333 332 1965
334 333 2026
238 334 3799
335 238 2368
53 335 5440
52 53 1546
336 337 2076
337 336 2076
337 338 1777
338 337 1777
338 339 984
339 338 984
339 340 2087
340 339 2087
340 341 1929
341 340 1929
341 342 1649
342 341 1649
342 343 1210
343 342 1210
343 325 1541
325 343 1541
344 345 983
345 344 983
345 346 1733
346 345 1733
346 347 1550
347 346 1550
347 348 1505
348 347 1505
348 0 2922
0 348 2922
62 179 1622
14 62 3022
349 350 20738
350 14 18322